Bienvenido al tests de vecinos
Resultado para alpha : 20

[ 0.967381, 0.967857, 0.970476, 0.962619, 0.963095, 0.957381, 0.962143, 0.96619, 0.965714, 0.965952]
[ 0.97119, 0.97119, 0.972619, 0.969048, 0.969048, 0.963333, 0.964762, 0.968333, 0.968095, 0.968095]
[ 0.972143, 0.972381, 0.974048, 0.968571, 0.97, 0.965476, 0.966429, 0.969762, 0.969048, 0.968333]
[ 0.971667, 0.970714, 0.972143, 0.969048, 0.967619, 0.96619, 0.965476, 0.969524, 0.96881, 0.967143]
[ 0.971429, 0.971667, 0.973333, 0.968571, 0.969762, 0.965952, 0.966905, 0.97, 0.969048, 0.966667]
[ 0.968333, 0.969286, 0.970476, 0.968571, 0.968333, 0.964048, 0.964286, 0.967857, 0.967619, 0.96619]
[ 0.969524, 0.969286, 0.972619, 0.968095, 0.969286, 0.965714, 0.964762, 0.97119, 0.966429, 0.966667]
[ 0.966429, 0.966905, 0.970238, 0.966429, 0.968333, 0.963095, 0.964524, 0.969524, 0.966667, 0.964524]
[ 0.968333, 0.966667, 0.97119, 0.965476, 0.968095, 0.962857, 0.965, 0.970476, 0.966429, 0.965952]
[ 0.963571, 0.965952, 0.966429, 0.965, 0.965714, 0.960238, 0.961429, 0.965952, 0.965476, 0.962381]
[ 0.957381, 0.956429, 0.956667, 0.951429, 0.954048, 0.949524, 0.950952, 0.952857, 0.954048, 0.95119]
[ 0.952143, 0.943333, 0.947143, 0.94381, 0.943333, 0.941429, 0.940714, 0.94619, 0.946429, 0.942619]
[ 0.896905, 0.897143, 0.890714, 0.890714, 0.891905, 0.882857, 0.889524, 0.891905, 0.893333, 0.890714]
[ 0.74381, 0.744048, 0.725, 0.735, 0.734286, 0.724524, 0.73881, 0.735238, 0.734048, 0.735]
[ 0.69381, 0.703095, 0.675476, 0.681905, 0.686429, 0.682143, 0.68881, 0.688095, 0.694762, 0.682857]

Resultado para alpha : 40

[ 0.972857, 0.97381, 0.975476, 0.972381, 0.971905, 0.967143, 0.97381, 0.974286, 0.975, 0.973571]
[ 0.975, 0.973095, 0.977381, 0.975952, 0.974286, 0.969048, 0.975238, 0.975952, 0.976667, 0.975952]
[ 0.976667, 0.975952, 0.979048, 0.975952, 0.977143, 0.971905, 0.976905, 0.977857, 0.975952, 0.975714]
[ 0.975714, 0.974762, 0.97619, 0.974524, 0.975714, 0.972381, 0.976667, 0.975952, 0.974524, 0.975]
[ 0.976429, 0.975476, 0.978333, 0.975238, 0.977381, 0.973571, 0.975952, 0.976905, 0.974286, 0.975952]
[ 0.975476, 0.97381, 0.974524, 0.973333, 0.976429, 0.972857, 0.974762, 0.975, 0.973095, 0.973095]
[ 0.97619, 0.974286, 0.975476, 0.974762, 0.976429, 0.970714, 0.973333, 0.976667, 0.973571, 0.975]
[ 0.974048, 0.97119, 0.973333, 0.972857, 0.975714, 0.969048, 0.971905, 0.977143, 0.973333, 0.97119]
[ 0.974048, 0.972619, 0.974762, 0.971905, 0.974762, 0.97, 0.971429, 0.976667, 0.974048, 0.972381]
[ 0.97, 0.97119, 0.970238, 0.96881, 0.969762, 0.968571, 0.966667, 0.969762, 0.969762, 0.97]
[ 0.96119, 0.958571, 0.96, 0.95881, 0.958333, 0.955, 0.958571, 0.957381, 0.958333, 0.957381]
[ 0.952143, 0.949048, 0.952619, 0.949286, 0.947143, 0.945952, 0.949048, 0.946905, 0.947619, 0.946667]
[ 0.891667, 0.895, 0.884762, 0.884048, 0.887381, 0.87619, 0.889524, 0.880476, 0.88881, 0.88381]
[ 0.695238, 0.700238, 0.675, 0.686905, 0.690476, 0.681429, 0.684524, 0.694762, 0.686905, 0.686905]
[ 0.593333, 0.612143, 0.571905, 0.574286, 0.575476, 0.578095, 0.579524, 0.589286, 0.602381, 0.573333]

Resultado para alpha : 60

[ 0.972381, 0.972857, 0.977143, 0.970714, 0.973571, 0.967857, 0.974524, 0.972857, 0.973095, 0.975714]
[ 0.975714, 0.973095, 0.975714, 0.973095, 0.974524, 0.97119, 0.975952, 0.973095, 0.973095, 0.975]
[ 0.977143, 0.975238, 0.977143, 0.975, 0.975476, 0.971905, 0.976905, 0.975952, 0.974048, 0.976429]
[ 0.976667, 0.973095, 0.976667, 0.975714, 0.975476, 0.973095, 0.975238, 0.975476, 0.973095, 0.975238]
[ 0.975714, 0.973571, 0.975476, 0.975238, 0.975, 0.97381, 0.976429, 0.974524, 0.972857, 0.974524]
[ 0.975238, 0.971905, 0.97381, 0.973333, 0.975476, 0.972619, 0.975476, 0.973095, 0.971667, 0.972857]
[ 0.974762, 0.971905, 0.972857, 0.975, 0.975, 0.972857, 0.974762, 0.974048, 0.970714, 0.973333]
[ 0.974524, 0.97119, 0.971667, 0.972619, 0.971667, 0.970476, 0.972857, 0.973333, 0.970714, 0.971905]
[ 0.974524, 0.971429, 0.971667, 0.972857, 0.973095, 0.970714, 0.974048, 0.974762, 0.969048, 0.973571]
[ 0.969762, 0.969524, 0.969286, 0.96881, 0.968095, 0.967619, 0.970476, 0.969762, 0.96881, 0.969048]
[ 0.96119, 0.955952, 0.957857, 0.955952, 0.955714, 0.953571, 0.956667, 0.954286, 0.955714, 0.955]
[ 0.950714, 0.946667, 0.94881, 0.945714, 0.944048, 0.940714, 0.945952, 0.942619, 0.944048, 0.944048]
[ 0.88381, 0.88619, 0.87381, 0.873571, 0.876667, 0.86381, 0.878333, 0.871429, 0.880952, 0.873333]
[ 0.661667, 0.666667, 0.645, 0.655714, 0.662381, 0.654524, 0.652143, 0.660476, 0.663095, 0.657619]
[ 0.54119, 0.559048, 0.509048, 0.514524, 0.51619, 0.518571, 0.51881, 0.523333, 0.548571, 0.507857]

Resultado para alpha : 80

[ 0.970238, 0.971905, 0.974524, 0.970952, 0.969286, 0.968095, 0.972857, 0.972619, 0.971905, 0.974286]
[ 0.975952, 0.971429, 0.975, 0.973333, 0.973095, 0.969524, 0.97619, 0.973571, 0.97119, 0.973333]
[ 0.97619, 0.973095, 0.976667, 0.975952, 0.97381, 0.969524, 0.975714, 0.974524, 0.972143, 0.974524]
[ 0.974286, 0.972143, 0.973571, 0.97381, 0.972857, 0.971667, 0.975476, 0.974524, 0.971667, 0.974524]
[ 0.975238, 0.974286, 0.974762, 0.974762, 0.974048, 0.972619, 0.975952, 0.975, 0.970714, 0.974048]
[ 0.973571, 0.97119, 0.971905, 0.972381, 0.973095, 0.972619, 0.972619, 0.972857, 0.97119, 0.972619]
[ 0.974286, 0.971429, 0.971905, 0.973333, 0.973571, 0.972619, 0.973333, 0.97381, 0.970952, 0.973333]
[ 0.973333, 0.970476, 0.970476, 0.97119, 0.970714, 0.97, 0.972143, 0.97119, 0.969762, 0.970476]
[ 0.974048, 0.970714, 0.970238, 0.971905, 0.970476, 0.967619, 0.970714, 0.971905, 0.969524, 0.970714]
[ 0.969762, 0.969048, 0.967381, 0.968333, 0.965952, 0.965714, 0.969286, 0.967381, 0.966667, 0.967143]
[ 0.95881, 0.953571, 0.95619, 0.953571, 0.953095, 0.95, 0.954048, 0.95119, 0.953333, 0.95381]
[ 0.948333, 0.944048, 0.946429, 0.942381, 0.939762, 0.939762, 0.943095, 0.93881, 0.941429, 0.94119]
[ 0.874048, 0.878333, 0.865476, 0.868333, 0.869762, 0.855714, 0.870714, 0.864286, 0.871905, 0.866429]
[ 0.643571, 0.649762, 0.620238, 0.634762, 0.639048, 0.636667, 0.634048, 0.640952, 0.643333, 0.636429]
[ 0.501905, 0.527381, 0.476429, 0.482619, 0.481429, 0.484048, 0.485476, 0.48881, 0.51381, 0.475238]

Resultado para gamma : 15

[ 0.954048, 0.956429, 0.957143, 0.948333, 0.955238, 0.943571, 0.946905, 0.947619, 0.954048, 0.952381]
[ 0.96, 0.961905, 0.959286, 0.954762, 0.960952, 0.954286, 0.951905, 0.952619, 0.961429, 0.955238]
[ 0.961429, 0.962381, 0.960952, 0.95619, 0.961905, 0.954524, 0.95381, 0.954286, 0.964286, 0.955476]
[ 0.960238, 0.963333, 0.959762, 0.957857, 0.960238, 0.95381, 0.953571, 0.952857, 0.960952, 0.956905]
[ 0.960952, 0.964048, 0.959524, 0.956667, 0.960714, 0.956429, 0.954762, 0.955476, 0.961667, 0.95381]
[ 0.959048, 0.963571, 0.957619, 0.957381, 0.957857, 0.955714, 0.952857, 0.956905, 0.960714, 0.955]
[ 0.961429, 0.964524, 0.958095, 0.955, 0.957143, 0.955238, 0.954048, 0.956429, 0.960952, 0.955]
[ 0.95881, 0.963333, 0.958333, 0.957143, 0.95619, 0.953571, 0.951905, 0.955, 0.960476, 0.953095]
[ 0.959048, 0.961429, 0.957857, 0.954524, 0.955714, 0.954286, 0.95119, 0.955238, 0.958095, 0.952381]
[ 0.956905, 0.960952, 0.957619, 0.952857, 0.952143, 0.950952, 0.94881, 0.952143, 0.958095, 0.949048]
[ 0.949524, 0.950476, 0.945476, 0.942143, 0.941429, 0.93881, 0.938333, 0.939524, 0.949524, 0.937619]
[ 0.941429, 0.940476, 0.935952, 0.933095, 0.932381, 0.930476, 0.93119, 0.930952, 0.936667, 0.927857]
[ 0.895, 0.893333, 0.885476, 0.886429, 0.887857, 0.875714, 0.887857, 0.885476, 0.890952, 0.885476]
[ 0.780714, 0.785238, 0.760714, 0.773095, 0.777857, 0.767857, 0.78, 0.775952, 0.77881, 0.773571]
[ 0.762619, 0.762619, 0.738333, 0.748095, 0.75119, 0.751667, 0.756905, 0.756667, 0.755, 0.749524]

Resultado para gamma : 25

[ 0.966905, 0.965714, 0.970476, 0.96619, 0.963571, 0.962143, 0.966429, 0.964762, 0.965952, 0.964762]
[ 0.969524, 0.967857, 0.971667, 0.970238, 0.970238, 0.965238, 0.968333, 0.970476, 0.968333, 0.967143]
[ 0.970952, 0.968333, 0.972857, 0.970714, 0.969524, 0.966905, 0.971905, 0.971905, 0.969762, 0.969762]
[ 0.970238, 0.967619, 0.970476, 0.969286, 0.968095, 0.96381, 0.967857, 0.970476, 0.969762, 0.969524]
[ 0.97119, 0.968095, 0.97, 0.969286, 0.967619, 0.965952, 0.968333, 0.970476, 0.970476, 0.969762]
[ 0.969762, 0.967381, 0.966905, 0.966429, 0.967619, 0.962619, 0.967857, 0.968571, 0.969286, 0.968333]
[ 0.969762, 0.969286, 0.968333, 0.968095, 0.967619, 0.963333, 0.967381, 0.97, 0.968571, 0.969524]
[ 0.968571, 0.966667, 0.967619, 0.965, 0.965476, 0.961905, 0.965714, 0.970714, 0.966905, 0.965952]
[ 0.969762, 0.969048, 0.967381, 0.965952, 0.966667, 0.961429, 0.965476, 0.970952, 0.968095, 0.967143]
[ 0.965952, 0.965, 0.966429, 0.962381, 0.964762, 0.957857, 0.961905, 0.965238, 0.965952, 0.962143]
[ 0.958095, 0.954286, 0.95619, 0.952857, 0.955238, 0.95, 0.951429, 0.954286, 0.954286, 0.95119]
[ 0.952857, 0.946905, 0.948333, 0.944524, 0.94619, 0.940952, 0.944286, 0.947619, 0.948333, 0.943571]
[ 0.897857, 0.897143, 0.89, 0.895952, 0.895238, 0.885714, 0.89381, 0.892619, 0.896667, 0.892381]
[ 0.757143, 0.754762, 0.73119, 0.743095, 0.745714, 0.736905, 0.75, 0.745714, 0.746429, 0.744762]
[ 0.701429, 0.71381, 0.680238, 0.689048, 0.694286, 0.694524, 0.699524, 0.699048, 0.701429, 0.694048]

Resultado para gamma : 35

[ 0.97119, 0.970714, 0.970952, 0.972381, 0.969762, 0.965952, 0.96881, 0.970476, 0.971429, 0.971667]
[ 0.97381, 0.974048, 0.974762, 0.973095, 0.973095, 0.969524, 0.972619, 0.974524, 0.971667, 0.970714]
[ 0.974524, 0.973333, 0.974524, 0.973571, 0.974048, 0.970952, 0.971905, 0.975952, 0.97381, 0.972857]
[ 0.972381, 0.972143, 0.97381, 0.972619, 0.97119, 0.968571, 0.970952, 0.973571, 0.972619, 0.97]
[ 0.97381, 0.972143, 0.973333, 0.971667, 0.972143, 0.970476, 0.970714, 0.975476, 0.973333, 0.971905]
[ 0.972619, 0.970714, 0.974286, 0.969762, 0.970238, 0.966429, 0.969048, 0.975714, 0.972381, 0.973333]
[ 0.972857, 0.971667, 0.97381, 0.970952, 0.971905, 0.967143, 0.969048, 0.974286, 0.972143, 0.973095]
[ 0.97, 0.969762, 0.973571, 0.97, 0.970476, 0.964762, 0.968095, 0.972381, 0.970714, 0.972143]
[ 0.97, 0.97, 0.973095, 0.968333, 0.970238, 0.965714, 0.969048, 0.971905, 0.970714, 0.972381]
[ 0.968571, 0.967143, 0.970714, 0.965, 0.966905, 0.964524, 0.969048, 0.969286, 0.966429, 0.969048]
[ 0.959762, 0.958095, 0.96, 0.957619, 0.957857, 0.952857, 0.955, 0.954524, 0.954762, 0.955476]
[ 0.952381, 0.947619, 0.952381, 0.948095, 0.947381, 0.942857, 0.943571, 0.945952, 0.948571, 0.944524]
[ 0.89881, 0.898095, 0.890714, 0.889048, 0.894762, 0.881667, 0.895952, 0.88881, 0.895238, 0.89119]
[ 0.724048, 0.729762, 0.709524, 0.718571, 0.721905, 0.712143, 0.723333, 0.725476, 0.718571, 0.720952]
[ 0.650952, 0.669762, 0.63119, 0.640952, 0.645, 0.64, 0.647143, 0.657381, 0.657857, 0.640476]

Resultado para gamma : 45

[ 0.97381, 0.970238, 0.976905, 0.972619, 0.972857, 0.969048, 0.973333, 0.97381, 0.97381, 0.97381]
[ 0.975238, 0.973333, 0.976905, 0.974524, 0.975, 0.969524, 0.974286, 0.975, 0.974286, 0.974762]
[ 0.97619, 0.97381, 0.978333, 0.974762, 0.975952, 0.971667, 0.975238, 0.975238, 0.974286, 0.974524]
[ 0.975, 0.975238, 0.975714, 0.973571, 0.971905, 0.972143, 0.97381, 0.973333, 0.973095, 0.975476]
[ 0.975476, 0.974762, 0.977381, 0.974048, 0.972857, 0.97, 0.974524, 0.97381, 0.973571, 0.974762]
[ 0.974524, 0.973571, 0.976429, 0.972857, 0.97119, 0.968571, 0.971905, 0.972143, 0.972857, 0.97381]
[ 0.97381, 0.97381, 0.976905, 0.97381, 0.973333, 0.967619, 0.970952, 0.972381, 0.972143, 0.975]
[ 0.972619, 0.971667, 0.975, 0.971429, 0.972619, 0.965952, 0.97, 0.971429, 0.971667, 0.972619]
[ 0.97381, 0.971429, 0.974762, 0.972143, 0.972619, 0.966905, 0.970238, 0.971667, 0.97119, 0.974048]
[ 0.969286, 0.96881, 0.969286, 0.969286, 0.96881, 0.963095, 0.969048, 0.968095, 0.969048, 0.969762]
[ 0.96119, 0.959762, 0.960476, 0.95881, 0.957381, 0.952619, 0.956905, 0.954286, 0.955952, 0.955]
[ 0.952143, 0.950714, 0.950476, 0.949048, 0.94881, 0.944762, 0.947857, 0.946905, 0.947381, 0.94619]
[ 0.896429, 0.894286, 0.887143, 0.883571, 0.89, 0.880476, 0.895, 0.884524, 0.891667, 0.888333]
[ 0.705952, 0.71119, 0.690714, 0.700476, 0.704286, 0.694524, 0.701667, 0.706667, 0.700476, 0.699524]
[ 0.611905, 0.632143, 0.596429, 0.6, 0.602143, 0.599524, 0.601429, 0.615476, 0.621905, 0.595952]

