    Cantidad fold : 3
Bienvenido al tests de vecinos
Resultado para alpha : 20

[ 0.963286, 0.960357, 0.958714]
[ 0.968143, 0.963786, 0.964]
[ 0.969571, 0.966071, 0.964429]
[ 0.967643, 0.963643, 0.9645]
[ 0.968071, 0.964071, 0.964214]
[ 0.966571, 0.962143, 0.963071]
[ 0.967429, 0.962714, 0.964143]
[ 0.965643, 0.961786, 0.962357]
[ 0.965643, 0.961857, 0.9625]
[ 0.962786, 0.958571, 0.960286]
[ 0.952929, 0.947143, 0.948]
[ 0.943286, 0.938143, 0.940071]
[ 0.881714, 0.8785, 0.877643]
[ 0.712071, 0.699, 0.701286]
[ 0.6925, 0.655, 0.671286]

Resultado para alpha : 40

[ 0.970571, 0.9705, 0.971143]
[ 0.974, 0.972714, 0.971714]
[ 0.974071, 0.973643, 0.9735]
[ 0.973214, 0.972357, 0.970857]
[ 0.974286, 0.973429, 0.971571]
[ 0.971357, 0.971214, 0.969571]
[ 0.972071, 0.970571, 0.970214]
[ 0.970357, 0.969, 0.968429]
[ 0.970643, 0.969714, 0.968714]
[ 0.967214, 0.965071, 0.965714]
[ 0.955714, 0.953786, 0.951929]
[ 0.946429, 0.942214, 0.940357]
[ 0.873429, 0.867429, 0.867286]
[ 0.655571, 0.640143, 0.645214]
[ 0.598429, 0.532286, 0.562429]

Resultado para alpha : 60

[ 0.970143, 0.970143, 0.970571]
[ 0.972286, 0.971786, 0.970714]
[ 0.9725, 0.972643, 0.971786]
[ 0.972643, 0.971071, 0.971071]
[ 0.972143, 0.972571, 0.972]
[ 0.971214, 0.970286, 0.970714]
[ 0.971286, 0.970857, 0.969857]
[ 0.97, 0.968643, 0.968857]
[ 0.970071, 0.969857, 0.968643]
[ 0.966143, 0.965071, 0.964786]
[ 0.954286, 0.950714, 0.948143]
[ 0.941714, 0.9365, 0.937071]
[ 0.863214, 0.855643, 0.8545]
[ 0.617857, 0.601143, 0.608143]
[ 0.545357, 0.468714, 0.502429]

Resultado para alpha : 80

[ 0.969357, 0.968786, 0.970071]
[ 0.970929, 0.9695, 0.969429]
[ 0.972643, 0.970929, 0.970071]
[ 0.970714, 0.9695, 0.969857]
[ 0.972, 0.970929, 0.970571]
[ 0.969143, 0.968, 0.968786]
[ 0.970643, 0.969214, 0.969429]
[ 0.968571, 0.967214, 0.9675]
[ 0.968786, 0.966929, 0.968143]
[ 0.964571, 0.963429, 0.963571]
[ 0.951357, 0.947714, 0.947214]
[ 0.940571, 0.934143, 0.934786]
[ 0.854286, 0.846286, 0.847643]
[ 0.595071, 0.578429, 0.587143]
[ 0.515571, 0.437786, 0.4705]

Resultado para gamma : 15

[ 0.949357, 0.945286, 0.946143]
[ 0.955143, 0.952429, 0.952071]
[ 0.956786, 0.953071, 0.9535]
[ 0.957357, 0.953143, 0.953143]
[ 0.957071, 0.953571, 0.953929]
[ 0.956429, 0.952071, 0.951643]
[ 0.956286, 0.951714, 0.951357]
[ 0.955571, 0.951143, 0.950357]
[ 0.9545, 0.951143, 0.950429]
[ 0.954571, 0.948357, 0.948357]
[ 0.942929, 0.936143, 0.936357]
[ 0.933429, 0.926071, 0.928071]
[ 0.88, 0.8755, 0.8775]
[ 0.763357, 0.756214, 0.753929]
[ 0.755143, 0.739143, 0.740429]

Resultado para gamma : 25

[ 0.963786, 0.9615, 0.962286]
[ 0.9675, 0.965429, 0.966357]
[ 0.968143, 0.967, 0.967571]
[ 0.9675, 0.9645, 0.966214]
[ 0.967, 0.964786, 0.967143]
[ 0.965786, 0.962786, 0.966714]
[ 0.966571, 0.963214, 0.966571]
[ 0.964571, 0.9625, 0.9645]
[ 0.964571, 0.962143, 0.964643]
[ 0.962429, 0.958714, 0.960357]
[ 0.951643, 0.947857, 0.949143]
[ 0.943286, 0.938357, 0.94]
[ 0.883929, 0.881214, 0.882214]
[ 0.7235, 0.713286, 0.713714]
[ 0.700286, 0.668571, 0.681786]

Resultado para gamma : 35

[ 0.968571, 0.966571, 0.967571]
[ 0.972214, 0.968357, 0.969071]
[ 0.972929, 0.97, 0.970714]
[ 0.972357, 0.968143, 0.9695]
[ 0.972571, 0.968643, 0.970786]
[ 0.970714, 0.966929, 0.9695]
[ 0.970857, 0.967429, 0.969286]
[ 0.9695, 0.966357, 0.966643]
[ 0.968929, 0.966286, 0.966714]
[ 0.966786, 0.962643, 0.964143]
[ 0.954214, 0.949643, 0.950143]
[ 0.945214, 0.942, 0.941071]
[ 0.884143, 0.876429, 0.876429]
[ 0.693714, 0.680643, 0.683143]
[ 0.654857, 0.607643, 0.631071]

Resultado para gamma : 45

[ 0.970071, 0.969571, 0.970429]
[ 0.973357, 0.969429, 0.971929]
[ 0.974786, 0.971143, 0.973429]
[ 0.973, 0.969786, 0.971071]
[ 0.973786, 0.970857, 0.971286]
[ 0.971714, 0.968929, 0.970429]
[ 0.972214, 0.969286, 0.970429]
[ 0.970786, 0.968143, 0.968786]
[ 0.970286, 0.967357, 0.968429]
[ 0.965929, 0.964286, 0.964857]
[ 0.955143, 0.951857, 0.950786]
[ 0.945714, 0.941786, 0.941286]
[ 0.8785, 0.871786, 0.8735]
[ 0.669214, 0.657143, 0.660714]
[ 0.617214, 0.557357, 0.587929]

